1 0.215909 0.321333 0.120192 0.088778
1 0.426929 0.344083 0.113363 0.078791
1 0.493171 0.457275 0.133851 0.100985
1 0.252103 0.682551 0.110632 0.087669
1 0.400978 0.571023 0.129753 0.106534
1 0.526634 0.558261 0.132485 0.081010
1 0.646826 0.566029 0.094242 0.100985
1 0.578535 0.647039 0.116095 0.094327
1 0.713751 0.634832 0.124290 0.096547
1 0.851016 0.487238 0.142045 0.103205
1 0.665264 0.469482 0.111997 0.098766
1 0.601754 0.386253 0.127021 0.092108
1 0.749262 0.543834 0.116095 0.094327
1 0.381174 0.458385 0.101071 0.094327