1 0.489771 0.536807 0.298106 0.242211
1 0.688508 0.121248 0.265957 0.230338
1 0.717033 0.895867 0.296703 0.200454
1 0.405673 0.911896 0.284808 0.168396
1 0.373597 0.709560 0.264496 0.229151
1 0.183628 0.171709 0.194354 0.241024
1 0.356792 0.076130 0.265957 0.147226
1 0.527034 0.365240 0.252806 0.195906
1 0.485387 0.189518 0.239654 0.181658
1 0.763765 0.457850 0.246960 0.207779
1 0.685586 0.660287 0.274725 0.223214
1 0.174860 0.573613 0.173895 0.213716
1 0.172668 0.800983 0.172434 0.231525
1 0.217968 0.349805 0.254267 0.191157