1 0.556682 0.265292 0.061462 0.052157
1 0.467220 0.260853 0.057365 0.047718
1 0.507512 0.254750 0.045072 0.048828
1 0.889942 0.306352 0.058730 0.049938
1 0.847602 0.306352 0.053267 0.047718
1 0.685069 0.317449 0.055999 0.045499
1 0.889259 0.229226 0.060096 0.039950
1 0.713068 0.197044 0.046438 0.035511
1 0.780676 0.473366 0.058730 0.046609
1 0.977054 0.434415 0.036276 0.053045
1 0.467220 0.402899 0.051901 0.043279
1 0.056108 0.362948 0.051901 0.041060
1 0.215226 0.391246 0.064194 0.042170
1 0.732873 0.304133 0.039609 0.038841