1 0.299071 0.603296 0.138824 0.109233
1 0.502192 0.713716 0.124211 0.094985
1 0.670242 0.613388 0.109598 0.084299
1 0.893091 0.554023 0.096446 0.079550
1 0.702391 0.529683 0.132979 0.097359
1 0.399901 0.469724 0.127134 0.096172
1 0.177052 0.426387 0.108137 0.085486
1 0.445201 0.369990 0.115443 0.086674
1 0.530687 0.421638 0.119827 0.071239
1 0.682663 0.424012 0.102291 0.085486
1 0.806874 0.431136 0.093523 0.073613
1 0.778379 0.333777 0.106675 0.090236
1 0.351678 0.269662 0.106675 0.071239
1 0.445201 0.213858 0.086217 0.066489
1 0.548954 0.277973 0.097907 0.071239
1 0.068184 0.277379 0.097907 0.067677
1 0.604483 0.168741 0.097907 0.071239
1 0.811258 0.145588 0.078910 0.055804
1 0.730886 0.134902 0.075988 0.060553