1 0.599369 0.414514 0.222118 0.185220
1 0.376520 0.643071 0.226502 0.176909
1 0.779109 0.586674 0.201660 0.161474
1 0.171206 0.475660 0.225041 0.181658
1 0.401362 0.363459 0.208967 0.192344
1 0.760112 0.722027 0.230886 0.099734
1 0.540186 0.714903 0.208967 0.111607
1 0.936835 0.546643 0.116714 0.164526
1 0.791530 0.410358 0.170973 0.179284
1 0.136135 0.702436 0.222118 0.129417
1 0.568681 0.578362 0.207505 0.161474
1 0.364829 0.526714 0.206044 0.131791
1 0.103256 0.300532 0.194354 0.149601
1 0.936104 0.361221 0.118176 0.175995
1 0.063070 0.583705 0.111059 0.198281