1 0.580372 0.285691 0.251344 0.193532
1 0.790069 0.159242 0.267419 0.185220
1 0.337795 0.223357 0.230886 0.197093
1 0.347294 0.454882 0.267419 0.225589
1 0.585486 0.494063 0.244038 0.211341
1 0.472235 0.076724 0.257190 0.153163
1 0.808335 0.348024 0.225041 0.173347
1 0.808335 0.539775 0.230886 0.200655
1 0.674626 0.712528 0.232347 0.213716
1 0.207008 0.719059 0.293722 0.236275
1 0.437895 0.700062 0.226502 0.217278
1 0.839753 0.818199 0.241115 0.204217
1 0.628653 0.904772 0.242693 0.182644
1 0.392806 0.902991 0.224003 0.186206
1 0.159268 0.904772 0.239157 0.182644
1 0.150748 0.325465 0.230886 0.201843
1 0.124445 0.536807 0.178279 0.220840
1 0.214315 0.071381 0.255728 0.140103