2 0.436224 0.523119 0.300235 0.184949
2 0.200746 0.447385 0.217818 0.186543
2 0.834576 0.320631 0.206044 0.165816
2 0.749215 0.503189 0.204082 0.170599
2 0.842425 0.672194 0.268838 0.154656
2 0.684458 0.801339 0.255102 0.212054
2 0.229199 0.627551 0.235479 0.167411
2 0.242936 0.806122 0.208006 0.192921
2 0.229199 0.269611 0.204082 0.172194
2 0.544152 0.299904 0.209969 0.165816
2 0.672684 0.276786 0.172684 0.151467
2 0.399922 0.197864 0.196232 0.156250
2 0.579474 0.445791 0.174647 0.129145
2 0.902276 0.496811 0.184458 0.173788
2 0.620683 0.610810 0.170722 0.153061
2 0.465659 0.727997 0.233516 0.151467