2 0.697115 0.427734 0.125000 0.132812
2 0.685096 0.576172 0.120192 0.101562
2 0.504808 0.789062 0.115385 0.097656
2 0.391827 0.804688 0.149038 0.097656
2 0.612981 0.712891 0.120192 0.085938
2 0.408654 0.466797 0.105769 0.093750
2 0.456731 0.376953 0.125000 0.093750
2 0.555288 0.300781 0.139423 0.113281
2 0.588942 0.507812 0.100962 0.089844
2 0.771635 0.628906 0.100962 0.074219
2 0.091346 0.748047 0.134615 0.117188
2 0.067308 0.562500 0.125000 0.105469
2 0.588942 0.097656 0.100962 0.105469
2 0.408654 0.636719 0.134615 0.097656