2 0.153846 0.464844 0.173077 0.117188
2 0.151442 0.589844 0.158654 0.109375
2 0.411058 0.685547 0.168269 0.128906
2 0.557692 0.650391 0.125000 0.113281
2 0.807692 0.603516 0.173077 0.152344
2 0.653846 0.488281 0.144231 0.117188
2 0.858173 0.486328 0.168269 0.097656
2 0.540865 0.419922 0.149038 0.128906
2 0.485577 0.539062 0.173077 0.125000
2 0.302885 0.556641 0.163462 0.136719
2 0.346154 0.441406 0.153846 0.101562
2 0.497596 0.298828 0.158654 0.121094
2 0.882212 0.322266 0.177885 0.121094
2 0.240385 0.363281 0.163462 0.109375
2 0.201923 0.699219 0.192308 0.117188
2 0.709135 0.707031 0.168269 0.117188