2 0.622596 0.625000 0.149038 0.125000
2 0.788462 0.621094 0.163462 0.125000
2 0.927885 0.603516 0.134615 0.113281
2 0.925481 0.708984 0.139423 0.097656
2 0.314904 0.599609 0.158654 0.144531
2 0.466346 0.609375 0.153846 0.125000
2 0.620192 0.492188 0.173077 0.132812
2 0.793269 0.480469 0.173077 0.125000
2 0.942308 0.476562 0.105769 0.117188
2 0.697115 0.382812 0.173077 0.132812
2 0.867788 0.367188 0.177885 0.140625
2 0.173077 0.376953 0.182692 0.128906
2 0.355769 0.373047 0.182692 0.128906
2 0.528846 0.386719 0.182692 0.125000
2 0.103365 0.501953 0.168269 0.113281
2 0.266827 0.470703 0.177885 0.136719
2 0.432692 0.482422 0.153846 0.121094
2 0.161058 0.603516 0.177885 0.121094
2 0.331731 0.718750 0.182692 0.093750
2 0.444712 0.285156 0.187500 0.117188
2 0.617788 0.285156 0.187500 0.109375