2 0.293269 0.503906 0.211538 0.117188
2 0.459135 0.361328 0.187500 0.121094
2 0.492788 0.478516 0.168269 0.121094
2 0.504808 0.619141 0.163462 0.144531
2 0.680288 0.542969 0.168269 0.125000
2 0.651442 0.281250 0.177885 0.125000
2 0.209135 0.246094 0.158654 0.125000
2 0.362981 0.253906 0.149038 0.164062
2 0.271635 0.380859 0.168269 0.144531
2 0.115385 0.335938 0.163462 0.125000
2 0.822115 0.466797 0.211538 0.121094
2 0.913462 0.562500 0.163462 0.140625
2 0.783654 0.341797 0.153846 0.105469
2 0.689904 0.150391 0.129808 0.128906
2 0.442308 0.152344 0.144231 0.140625
2 0.798077 0.218750 0.125000 0.109375
2 0.935096 0.191406 0.120192 0.093750
2 0.221154 0.617188 0.153846 0.140625
2 0.377404 0.611328 0.158654 0.152344
2 0.432692 0.757812 0.182692 0.140625
2 0.689904 0.675781 0.158654 0.132812
2 0.841346 0.837891 0.173077 0.152344
2 0.608173 0.859375 0.187500 0.125000
2 0.245192 0.873047 0.201923 0.105469
2 0.245192 0.767578 0.192308 0.128906
2 0.098558 0.710938 0.168269 0.187500
2 0.091346 0.562500 0.182692 0.140625
2 0.067308 0.445312 0.134615 0.140625
2 0.069712 0.210938 0.139423 0.125000
2 0.108173 0.121094 0.149038 0.101562
2 0.894231 0.742188 0.144231 0.140625