2 0.838942 0.388672 0.235577 0.191406
2 0.783654 0.558594 0.221154 0.156250
2 0.622596 0.673828 0.187500 0.160156
2 0.536058 0.234375 0.120192 0.109375
2 0.463942 0.244141 0.100962 0.144531
2 0.375000 0.330078 0.105769 0.074219
2 0.415865 0.410156 0.110577 0.085938
2 0.307692 0.445312 0.076923 0.054688
2 0.225962 0.474609 0.057692 0.058594
2 0.343750 0.556641 0.091346 0.097656
2 0.120192 0.595703 0.057692 0.058594
2 0.108173 0.644531 0.072115 0.054688
2 0.045673 0.658203 0.062500 0.050781
2 0.266827 0.216797 0.100962 0.097656
2 0.180288 0.337891 0.072115 0.066406