4 0.515142 0.469242 0.090854 0.084584
4 0.639120 0.476932 0.088961 0.075357
4 0.742277 0.490773 0.090854 0.078433
4 0.639120 0.571512 0.085176 0.079970
4 0.743224 0.564592 0.096532 0.087660
4 0.517982 0.559209 0.088961 0.073819
4 0.498107 0.613804 0.094640 0.081508
4 0.582336 0.659941 0.092747 0.087660
4 0.740385 0.663786 0.098425 0.073819
4 0.662780 0.652251 0.090854 0.090736
4 0.182957 0.376969 0.092747 0.084584
4 0.136584 0.490004 0.105996 0.086122
4 0.230277 0.496924 0.085176 0.081508
4 0.447948 0.338521 0.070033 0.053826
4 0.346684 0.559209 0.075712 0.067667
4 0.371290 0.703771 0.083283 0.061516