4 0.260929 0.687842 0.123476 0.108863
4 0.373897 0.541624 0.128731 0.110997
4 0.764029 0.696380 0.126103 0.108863
4 0.632671 0.573642 0.105086 0.106728
4 0.721995 0.427425 0.141866 0.113132
4 0.633985 0.384734 0.086696 0.087517
4 0.593264 0.464780 0.105086 0.098190
4 0.740385 0.331370 0.105086 0.083248
4 0.848098 0.310024 0.105086 0.100324
4 0.819199 0.433829 0.089323 0.083248
4 0.727249 0.508538 0.110340 0.070441
4 0.753520 0.606728 0.115595 0.091786
4 0.894073 0.596055 0.133985 0.104594
4 0.922972 0.399676 0.102459 0.096055
4 0.901955 0.498933 0.128731 0.093921
4 0.954485 0.301806 0.081416 0.083888
4 0.919031 0.676101 0.120849 0.098190