4 0.304277 0.570441 0.073560 0.061902
4 0.534153 0.574710 0.070933 0.061902
4 0.762715 0.535220 0.086696 0.076844
4 0.841530 0.601392 0.076187 0.068306
4 0.115122 0.568306 0.089323 0.078979
4 0.310845 0.656890 0.076187 0.064037
4 0.421185 0.634477 0.091950 0.066171
4 0.542034 0.641948 0.091950 0.076844
4 0.640553 0.638747 0.078815 0.070441
4 0.861234 0.684640 0.073560 0.059768
4 0.258302 0.733735 0.076187 0.051230
4 0.626103 0.707053 0.086696 0.066171
4 0.945303 0.691043 0.078815 0.076844
4 0.161097 0.696380 0.076187 0.066171