4 0.436591 0.382351 0.066248 0.046137
4 0.509464 0.385427 0.049213 0.039985
4 0.579497 0.380813 0.049213 0.049213
4 0.477286 0.426181 0.060569 0.038447
4 0.435645 0.463859 0.052998 0.033834
4 0.512303 0.460015 0.054891 0.032296
4 0.538802 0.419261 0.051105 0.033834
4 0.614514 0.423874 0.066248 0.036909
4 0.404414 0.423874 0.070033 0.043061
4 0.590854 0.466166 0.068141 0.038447
4 0.659941 0.470011 0.070033 0.043061
4 0.367505 0.464628 0.060569 0.038447
4 0.361826 0.512303 0.071926 0.050750
4 0.443216 0.507689 0.060569 0.047675
4 0.516089 0.503845 0.066248 0.049213
4 0.592747 0.511534 0.064355 0.046137
4 0.672244 0.519224 0.068141 0.046137
4 0.380754 0.563054 0.068141 0.050750
4 0.461198 0.558440 0.054891 0.035372
4 0.535017 0.555364 0.066248 0.041523
4 0.610728 0.559978 0.062462 0.047675
4 0.430913 0.606115 0.066248 0.050750
4 0.504732 0.607653 0.062462 0.044599
4 0.593693 0.609959 0.073819 0.052288