4 0.386432 0.379275 0.136281 0.107653
4 0.537856 0.316222 0.117353 0.095349
4 0.669405 0.418492 0.130603 0.106115
4 0.767830 0.275468 0.115460 0.087660
4 0.880451 0.400037 0.128710 0.103039
4 0.833131 0.567667 0.136281 0.112266
4 0.163083 0.298536 0.128710 0.093812
4 0.193368 0.427719 0.132495 0.103039
4 0.549213 0.526913 0.121139 0.107653
4 0.658995 0.647638 0.117353 0.103039
4 0.384540 0.546906 0.128710 0.104577
4 0.468769 0.703002 0.134388 0.099963
4 0.222706 0.570743 0.126817 0.106115
4 0.064658 0.687623 0.128710 0.118418
4 0.290846 0.738374 0.115460 0.056902
4 0.857738 0.725301 0.128710 0.086122
4 0.042891 0.388503 0.077604 0.113804