4 0.412932 0.472318 0.109782 0.084584
4 0.254883 0.282388 0.111675 0.076895
4 0.253937 0.383120 0.098425 0.081508
4 0.142262 0.415416 0.117353 0.096887
4 0.236902 0.713767 0.117353 0.084584
4 0.533124 0.552288 0.092747 0.081508
4 0.421449 0.607653 0.100318 0.084584
4 0.692118 0.449250 0.107889 0.087660
4 0.604104 0.484621 0.094640 0.093812
4 0.495268 0.353900 0.111675 0.093812
4 0.604104 0.393885 0.109782 0.087660
4 0.498107 0.460015 0.102211 0.087660
4 0.878558 0.345442 0.113568 0.098425
4 0.785812 0.623800 0.105996 0.104577
4 0.908843 0.599194 0.109782 0.095349
4 0.938181 0.464628 0.100318 0.096887
4 0.824614 0.736067 0.104104 0.058440