4 0.506625 0.527682 0.149531 0.130721
4 0.664673 0.548444 0.162780 0.129183
4 0.764045 0.663017 0.187386 0.149176
4 0.512303 0.706847 0.198743 0.156865
4 0.320185 0.553826 0.147638 0.121494
4 0.296525 0.694544 0.194958 0.163017
4 0.161190 0.609959 0.193065 0.126107
4 0.253937 0.471549 0.147638 0.126107
4 0.391164 0.433102 0.130603 0.104577
4 0.606943 0.437715 0.141959 0.119956
4 0.756473 0.443867 0.126817 0.101501
4 0.819882 0.563823 0.158995 0.123031
4 0.909790 0.476932 0.153316 0.118418
4 0.454573 0.361590 0.140067 0.109190
4 0.664673 0.366972 0.132495 0.095349
4 0.235955 0.331601 0.141959 0.104577
4 0.307882 0.273161 0.104104 0.104577
4 0.114817 0.433102 0.157102 0.129183
4 0.717671 0.302381 0.109782 0.092274
4 0.572873 0.325449 0.153316 0.113804