9 0.656250 0.681298 0.250477 0.293416
9 0.902487 0.624696 0.191901 0.184983
9 0.899505 0.466001 0.197865 0.158624
9 0.705153 0.458850 0.178912 0.213502
9 0.530415 0.608540 0.184876 0.197996
9 0.349714 0.649094 0.181298 0.209924
9 0.461236 0.466007 0.220658 0.177719
9 0.536975 0.319895 0.140744 0.169370
9 0.641937 0.293655 0.169370 0.169370
9 0.485687 0.201217 0.214695 0.132395
9 0.374165 0.315124 0.175334 0.162214
9 0.283516 0.430821 0.211116 0.169370
9 0.203006 0.547710 0.169370 0.188454
9 0.098044 0.469585 0.143130 0.208731